$ANSIBLE_VAULT;1.1;AES256
34383235343639626463643765393033323063623337333334363637336361363366326633376439
3066343163613831366338623639366537643061646338360a356432346366313838356164373465
62346461383763383565393833373136303763356539666539613432366462666637643764623939
3633376366373132640a333639346565646361653438303339326630366664626637306334346538
38306432636232666337366338303561303438646331333566323537326332353065636161643165
36343730623935313965626665313533323336346563663063383363316263613838613436313936
36636332303439336634646661653439303462336431316261646264656232303862653736353335
33653861366430393565613436363933353738613064373339396231343865316464623033653062
66306262636434366266663732616136306638303564393932633464366230363565643862633438
34646263376664323263633839653037636565633935323630386133333161656661653663336231
66393937353261313835626463643837646563333665636532313764326162396636653430623764
62346164373830663165333862313232393734316565303864313739623338623236666630366565
32393961383332653165303538366661653339363736346537323530646536613639666561326565
33393364343062333639383737356231656462356433363762656439313231353433643661303261
32306336373337323433336439343566346235636336323332613836303234366663373764623433
66363030393764663634323966613132353134643965306235633534656534613638303433323964
3266
